M=[126974 4224;...
    96933 3835;...
    86656 3510;...
    63438 3758;...
    55264 3939;...
    50976 1809;...
    39069 2946;...
    36156 359;...
    35209 2480;...
    32416 2413];
save U.S._industrial_Sales_and_Profit.mat